n	partition(n)	runtime(n)	memory(n)
1	1	0.000710010528564453125	232
2	2	1.69277191162109375e-05	696
3	3	1.9073486328125e-06	1368
4	5	5.0067901611328125e-06	2280
5	7	4.0531158447265625e-06	3400
6	11	5.0067901611328125e-06	4760
7	15	6.9141387939453125e-06	6328
8	22	1.0967254638671875e-05	8136
9	30	8.8214874267578125e-06	10152
10	42	1.40666961669921875e-05	12408
11	56	1.2874603271484375e-05	14872
12	77	1.78813934326171875e-05	17576
13	101	2.193450927734375e-05	20488
14	135	2.31266021728515625e-05	23640
15	176	2.50339508056640625e-05	27000
16	231	2.8133392333984375e-05	30600
17	297	3.21865081787109375e-05	34408
18	385	3.60012054443359375e-05	38456
19	490	4.00543212890625e-05	42712
20	627	4.79221343994140625e-05	47208
21	792	4.79221343994140625e-05	51912
22	1002	4.98294830322265625e-05	56856
23	1255	5.60283660888671875e-05	62008
24	1575	6.07967376708984375e-05	67400
25	1958	6.50882720947265625e-05	73000
26	2436	9.2029571533203125e-05	78840
27	3010	7.1048736572265625e-05	84888
28	3718	7.98702239990234375e-05	91176
29	4565	8.392333984375e-05	97672
30	5604	8.79764556884765625e-05	104408
31	6842	9.3936920166015625e-05	111352
32	8349	0.00010013580322265625	118552
33	10143	0.00010395050048828125	125944
34	12310	0.000111103057861328125	133560
35	14883	0.00012111663818359375	141400
36	17977	0.0001242160797119140625	149496
37	21637	0.000132083892822265625	157784
38	26015	0.000156879425048828125	166296
39	31185	0.0001389980316162109375	175032
40	37338	0.0001468658447265625	184024
41	44583	0.0001509189605712890625	193208
42	53174	0.0001590251922607421875	202616
43	63261	0.059363842010498046875	212248
44	75175	0.0001909732818603515625	222152
45	89134	0.000197887420654296875	232232
46	105558	0.0002009868621826171875	242536
47	124754	0.0002040863037109375	253064
48	147273	0.0002171993255615234375	263816
49	173525	0.0002219676971435546875	274792
50	204226	0.0002281665802001953125	286040
51	239943	0.0002319812774658203125	297464
52	281589	0.0002419948577880859375	309112
53	329931	0.0002510547637939453125	320984
54	386155	0.0002691745758056640625	333080
55	451276	0.0002720355987548828125	345400
56	526823	0.0002830028533935546875	357992
57	614154	0.0002968311309814453125	370760
58	715220	0.0003039836883544921875	383752
59	831820	0.0003421306610107421875	396968
60	966467	0.0003221035003662109375	410408
61	1121505	0.00032806396484375	424072
62	1300156	0.0003449916839599609375	437992
63	1505499	0.000356197357177734375	452104
64	1741630	0.0003659725189208984375	466440
65	2012558	0.000370025634765625	481000
66	2323520	0.000380039215087890625	495832
67	2679689	0.0003941059112548828125	510840
68	3087735	0.0004069805145263671875	526072
69	3554345	0.000431060791015625	541528
70	4087968	0.000442028045654296875	557208
71	4697205	0.0004518032073974609375	573112
72	5392783	0.000484943389892578125	589288
73	6185689	0.0005168914794921875	605640
74	7089500	0.0005171298980712890625	622216
75	8118264	0.00049304962158203125	639016
76	9289091	0.000504016876220703125	656040
77	10619863	0.00051784515380859375	673288
78	12132164	0.0005390644073486328125	690824
79	13848650	0.000547885894775390625	708520
80	15796476	0.00057506561279296875	726440
81	18004327	0.0005772113800048828125	744584
82	20506255	0.0006020069122314453125	762952
83	23338469	0.0006220340728759765625	781544
84	26543660	0.000627994537353515625	800360
85	30167357	0.0006530284881591796875	819400
86	34262962	0.0006580352783203125	838744
87	38887673	0.001533985137939453125	858232
88	44108109	0.0006840229034423828125	877944
89	49995925	0.0006949901580810546875	897880
90	56634173	0.000729084014892578125	918040
91	64112359	0.000749111175537109375	938424
92	72533807	0.00074100494384765625	959032
93	82010177	0.0007569789886474609375	979864
94	92669720	0.0007741451263427734375	1000920
95	104651419	0.0008008480072021484375	1022200
96	118114304	0.000834941864013671875	1043784
97	133230930	0.0008919239044189453125	1065512
98	150198136	0.000843048095703125	1087464
99	169229875	0.0008590221405029296875	1109640
100	190569292	0.0008800029754638671875	1132040
101	214481126	0.0008981227874755859375	1154664
102	241265379	0.0009181499481201171875	1177512
103	271248950	0.0009307861328125	1200584
104	304801365	0.0009729862213134765625	1223880
105	342325709	0.00098514556884765625	1247400
106	384276336	0.001036167144775390625	1271256
107	431149389	0.0010449886322021484375	1295224
108	483502844	0.001121044158935546875	1319416
109	541946240	0.056192874908447265625	1343832
110	607163746	0.0010888576507568359375	1368472
111	679903203	0.0011670589447021484375	1393336
112	761002156	0.00123310089111328125	1418424
113	851376628	0.0011589527130126953125	1443736
114	952050665	0.0011870861053466796875	1469272
115	1064144451	0.0012209415435791015625	1495032
116	1188908248	0.00123500823974609375	1521016
117	1327710076	0.00127696990966796875	1547224
118	1482074143	0.0012819766998291015625	1573656
119	1653668665	0.0012938976287841796875	1600312
120	1844349560	0.001305103302001953125	1627272
121	2056148051	0.0013220310211181640625	1654376
122	2291320912	0.0013959407806396484375	1681704
123	2552338241	0.0013768672943115234375	1709256
124	2841940500	0.001410961151123046875	1737032
125	3163127352	0.0014269351959228515625	1765032
126	3519222692	0.0014669895172119140625	1793256
127	3913864295	0.0014870166778564453125	1821704
128	4351078600	0.0015170574188232421875	1850376
129	4835271870	0.0015189647674560546875	1879272
130	5371315400	0.0015981197357177734375	1908472
131	5964539504	0.0015671253204345703125	1937816
132	6620830889	0.001576900482177734375	1967384
133	7346629512	0.0016338825225830078125	1997176
134	8149040695	0.0016171932220458984375	2027192
135	9035836076	0.0015990734100341796875	2057432
136	10015581680	0.0508410930633544921875	2087896
137	11097645016	0.0016229152679443359375	2118584
138	12292341831	0.001657009124755859375	2149496
139	13610949895	0.0016849040985107421875	2180632
140	15065878135	0.001595973968505859375	2212072
141	16670689208	0.0016129016876220703125	2243656
142	18440293320	0.0016391277313232421875	2275464
143	20390982757	0.0017030239105224609375	2307496
144	22540654445	0.001717090606689453125	2339752
145	24908858009	0.001720905303955078125	2372232
146	27517052599	0.0017321109771728515625	2404936
147	30388671978	0.0017869472503662109375	2437864
148	33549419497	0.00185298919677734375	2471016
149	37027355200	0.001822948455810546875	2504392
150	40853235313	0.00187587738037109375	2538104
151	45060624582	0.0018541812896728515625	2571928
152	49686288421	0.0018889904022216796875	2605976
153	54770336324	0.0019710063934326171875	2640248
154	60356673280	0.0019519329071044921875	2674744
155	66493182097	0.0526621341705322265625	2709464
156	73232243759	0.0022189617156982421875	2744408
157	80630964769	0.0023128986358642578125	2779576
158	88751778802	0.00226116180419921875	2814968
159	97662728555	0.00218105316162109375	2850584
160	107438159466	0.002223968505859375	2886424
161	118159068427	0.0022981166839599609375	2922488
162	129913904637	0.0022580623626708984375	2958776
163	142798995930	0.002334117889404296875	2995288
164	156919475295	0.002415180206298828125	3032152
165	172389800255	0.0023968219757080078125	3069112
166	189334822579	0.0023767948150634765625	3106296
167	207890420102	0.002460956573486328125	3143704
168	228204732751	0.0024869441986083984375	3181336
169	250438925115	0.0026018619537353515625	3219192
170	274768617130	0.08995914459228515625	3257272
171	301384802048	0.002566814422607421875	3295576
172	330495499613	0.0027821063995361328125	3334104
173	362326859895	0.00261783599853515625	3372856
174	397125074750	0.0026180744171142578125	3411832
175	435157697830	0.0027759075164794921875	3451032
176	476715857290	0.002748012542724609375	3490456
177	522115831195	0.0028479099273681640625	3530104
178	571701605655	0.0027759075164794921875	3569976
179	625846753120	0.00275516510009765625	3610072
180	684957390936	0.002758026123046875	3650536
181	749474411781	0.00286579132080078125	3691080
182	819876908323	0.002874851226806640625	3731848
183	896684817527	0.095057964324951171875	3772840
184	980462880430	0.002895832061767578125	3814056
185	1071823774337	0.0029900074005126953125	3855496
186	1171432692373	0.0032479763031005859375	3897160
187	1280011042268	0.002954006195068359375	3939048
188	1398341745571	0.00296688079833984375	3981160
189	1527273599625	0.002978801727294921875	4023496
190	1667727404093	0.0029919147491455078125	4066056
191	1820701100652	0.003180980682373046875	4108840
192	1987276856363	0.00317096710205078125	4151848
193	2168627105469	0.0030109882354736328125	4195080
194	2366022741845	0.003099918365478515625	4238536
195	2580840212973	0.048676967620849609375	4282216
196	2814570987591	0.00327205657958984375	4326120
197	3068829878530	0.00316619873046875	4370248
198	3345365983698	0.0031530857086181640625	4414776
199	3646072432125	0.0032799243927001953125	4459352
200	3972999029388	0.003241062164306640625	4504152
201	4328363658647	0.0033309459686279296875	4549176
202	4714566886083	0.003423213958740234375	4594424
203	5134205287973	0.0033781528472900390625	4639896
204	5590088317495	0.0034580230712890625	4685592
205	6085253859260	0.0498631000518798828125	4731512
206	6622987708040	0.0035731792449951171875	4777656
207	7206841706490	0.003543853759765625	4824024
208	7840656226137	0.00356292724609375	4870616
209	8528581302375	0.0035750865936279296875	4917432
210	9275102575355	0.003695964813232421875	4964472
211	10085065885767	0.003665924072265625	5011736
212	10963707205259	0.0037219524383544921875	5059224
213	11916681236278	0.003736019134521484375	5106936
214	12950095925895	0.0509178638458251953125	5154872
215	14070545699287	0.004024982452392578125	5203032
216	15285151248481	0.0038669109344482421875	5251416
217	16601598107914	0.003879070281982421875	5300024
218	18028182516671	0.00389003753662109375	5348856
219	19573856161145	0.0039970874786376953125	5397912
220	21248279009367	0.0039730072021484375	5447416
221	23061871173849	0.0040919780731201171875	5496920
222	25025873760111	0.0041010379791259765625	5546648
223	27152408925615	0.052877902984619140625	5596600
224	29454549941750	0.0041019916534423828125	5646776
225	31946390696157	0.004209041595458984375	5697176
226	34643126322519	0.004209995269775390625	5747800
227	37561133582570	0.0042951107025146484375	5798648
228	40718063627362	0.0042669773101806640625	5849720
229	44132934884255	0.0046870708465576171875	5901016
230	47826239745920	0.004354953765869140625	5952536
231	51820051838712	0.051599025726318359375	6004280
232	56138148670947	0.004516124725341796875	6056248
233	60806135438329	0.0044481754302978515625	6108440
234	65851585970275	0.0044758319854736328125	6160856
235	71304185514919	0.004561901092529296875	6213496
236	77195892663512	0.0046741962432861328125	6266360
237	83561103925871	0.004845142364501953125	6319448
238	90436839668817	0.05512905120849609375	6372760
239	97862933703585	0.005010128021240234375	6426296
240	105882246722733	0.004745006561279296875	6480056
241	114540884553038	0.0048329830169677734375	6534040
242	123888443077259	0.0048229694366455078125	6588248
243	133978259344888	0.0048310756683349609375	6642680
244	144867692496445	0.004910945892333984375	6697336
245	156618412527946	0.0536568164825439453125	6752216
246	169296722391554	0.005191802978515625	6807320
247	182973889854026	0.0049459934234619140625	6862648
248	197726516681672	0.0049951076507568359375	6918344
249	213636919820625	0.0053730010986328125	6974120
250	230793554364681	0.0051429271697998046875	7030120
251	249291451168559	0.0052011013031005859375	7086344
252	269232701252579	0.052835941314697265625	7142792
253	290726957916112	0.0052978992462158203125	7199464
254	313891991306665	0.005329132080078125	7256360
255	338854264248680	0.00535106658935546875	7313608
256	365749566870782	0.0054581165313720703125	7370952
257	394723676655357	0.00555706024169921875	7428520
258	425933084409356	0.053408145904541015625	7486312
259	459545750448675	0.00588893890380859375	7544328
260	495741934760846	0.00557804107666015625	7602568
261	534715062908609	0.0055778026580810546875	7661032
262	576672674947168	0.0056459903717041015625	7719720
263	621837416509615	0.005606174468994140625	7778632
264	670448123060170	0.0598289966583251953125	7837896
265	722760953690372	0.0058829784393310546875	7897256
266	779050629562167	0.0058209896087646484375	7956840
267	839611730366814	0.005918025970458984375	8016648
268	904760108316360	0.0059051513671875	8076680
269	974834369944625	0.0059640407562255859375	8136936
270	1050197489931117	0.0542252063751220703125	8197416
271	1131238503938606	0.0060689449310302734375	8258120
272	1218374349844333	0.0061309337615966796875	8319048
273	1312051800816215	0.0062019824981689453125	8380200
274	1412749565173450	0.0062110424041748046875	8441576
275	1520980492851175	0.0547239780426025390625	8503176
276	1637293969337171	0.00665187835693359375	8565000
277	1762278433057269	0.006359100341796875	8627048
278	1896564103591584	0.006411075592041015625	8689320
279	2040825852575075	0.0063641071319580078125	8751816
280	2195786311682516	0.05406093597412109375	8814664
281	2362219145337711	0.00685405731201171875	8877608
282	2540952590045698	0.0066640377044677734375	8940776
283	2732873183547535	0.00662899017333984375	9004168
284	2938929793929555	0.0067059993743896484375	9067784
285	3160137867148997	0.0539510250091552734375	9131624
286	3397584011986773	0.0070569515228271484375	9195688
287	3652430836071053	0.006969928741455078125	9259976
288	3925922161489422	0.0068719387054443359375	9324488
289	4219388528587095	0.0069129467010498046875	9389224
290	4534253126900886	0.0546448230743408203125	9454184
291	4872038056472084	0.007277011871337890625	9519368
292	5234371069753672	0.0072219371795654296875	9584776
293	5622992691950605	0.007152080535888671875	9650408
294	6039763882095515	0.0071341991424560546875	9716264
295	6486674127079088	0.0553629398345947265625	9782344
296	6965850144195831	0.0075531005859375	9848776
297	7479565078510584	0.0072348117828369140625	9915304
298	8030248384943040	0.0076658725738525390625	9982056
299	8620496275465025	0.007359981536865234375	10049032
300	9253082936723602	0.05593585968017578125	10116232
301	9930972392403501	0.0079939365386962890625	10183656
302	10657331232548839	0.007565975189208984375	10251304
303	11435542077822104	0.007834911346435546875	10319176
304	12269218019229465	0.05628299713134765625	10387272
305	13162217895057704	0.0081388950347900390625	10455592
306	14118662665280005	0.0078060626983642578125	10524136
307	15142952738857194	0.0077650547027587890625	10592904
308	16239786535829663	0.0078628063201904296875	10661896
309	17414180133147295	0.056480884552001953125	10731112
310	18671488299600364	0.007915019989013671875	10800552
311	20017426762576945	0.0079081058502197265625	10870216
312	21458096037352891	0.0080950260162353515625	10940232
313	23000006655487337	0.0571839809417724609375	11010344
314	24650106150830490	0.008286952972412109375	11080680
315	26415807633566326	0.008158206939697265625	11151240
316	28305020340996003	0.00823211669921875	11222024
317	30326181989842964	0.057365894317626953125	11293032
318	32488293351466654	0.009120941162109375	11364264
319	34800954869440830	0.008335113525390625	11435720
320	37274405776748077	0.00883388519287109375	11507400
321	39919565526999991	0.0581071376800537109375	11579304
322	42748078035954696	0.008921146392822265625	11651432
323	45772358543578028	0.0085179805755615234375	11723784
324	49005643635237875	0.0088651180267333984375	11796360
325	52462044228828641	0.0583398342132568359375	11869160
326	56156602112874289	0.0091228485107421875	11942184
327	60105349839666544	0.008864879608154296875	12015432
328	64325374609114550	0.0089588165283203125	12089032
329	68834885946073850	0.0593750476837158203125	12162728
330	73653287861850339	0.00881195068359375	12236648
331	78801255302666615	0.00905704498291015625	12310792
332	84300815636225119	0.05762195587158203125	12385160
333	90175434980549623	0.009850978851318359375	12459752
334	96450110192202760	0.00936985015869140625	12534568
335	103151466321735325	0.00926303863525390625	12609608
336	110307860425292772	0.0592978000640869140625	12684872
337	117949491546113972	0.0099360942840576171875	12760360
338	126108517833796355	0.009543895721435546875	12836072
339	134819180623301520	0.00953006744384765625	12912008
340	144117936527873832	0.0996799468994140625	12988168
341	154043597379576030	0.00961208343505859375	13064552
342	164637479165761044	0.0096118450164794921875	13141160
343	175943559810422753	0.0603430271148681640625	13217992
344	188008647052292980	0.010054111480712890625	13295176
345	200882556287683159	0.01029491424560546875	13372456
346	214618299743286299	0.009951114654541015625	13449960
347	229272286871217150	0.0609500408172607421875	13527688
348	244904537455382406	0.010179996490478515625	13605640
349	261578907351144125	0.0098989009857177734375	13683816
350	279363328483702152	0.0634059906005859375	13762216
351	298330063062758076	0.0102808475494384765625	13840840
352	318555973788329084	0.0102710723876953125	13919688
353	340122810048577428	0.0603330135345458984375	13998760
354	363117512048110005	0.010941028594970703125	14078056
355	387632532919029223	0.0103809833526611328125	14157576
356	413766180933342362	0.0606529712677001953125	14237320
357	441622981929358437	0.0112760066986083984375	14317288
358	471314064268398780	0.010818004608154296875	14397480
359	502957566506000020	0.01084995269775390625	14477896
360	536679070310691121	0.0615050792694091796875	14558664
361	572612058898037559	0.0107619762420654296875	14639528
362	610898403751884101	0.0109760761260986328125	14720616
363	651688879997206959	0.061291217803955078125	14801928
364	695143713458946040	0.0110051631927490234375	14883464
365	741433159884081684	0.010982036590576171875	14965224
366	790738119649411319	0.0615808963775634765625	15047208
367	843250788562528427	0.01101207733154296875	15129416
368	899175348396088349	0.0112240314483642578125	15211848
369	958728697912338045	0.0629260540008544921875	15294504
370	1022141228367345362	0.0117270946502685546875	15377384
371	1089657644424399782	0.0114772319793701171875	15460488
372	1161537834849962850	0.0625560283660888671875	15543816
373	1238057794119125085	0.011847972869873046875	15627368
374	1319510599727473500	0.0115401744842529296875	15711144
375	1406207446561484054	0.0617249011993408203125	15795144
376	1498478743590581081	0.012174129486083984375	15879496
377	1596675274490756791	0.0118710994720458984375	15963944
378	1701169427975813525	0.0630381107330322265625	16048616
379	1812356499739472950	0.015181064605712890625	16133512
380	1930656072350465812	0.0440499782562255859375	16218632
381	2056513475336633805	0.06268405914306640625	16303976
382	2190401332423765131	0.011971950531005859375	16389544
383	2332821198543892336	0.0614011287689208984375	16475336
384	2484305294265418180	0.012937068939208984375	16561352
385	2645418340688763701	0.015079021453857421875	16647592
386	2816759503217942792	0.06293201446533203125	16734056
387	2998964447736452194	0.012506008148193359375	16820744
388	3192707518433532826	0.012918949127197265625	16907656
389	3398704041358160275	0.0628349781036376953125	16994792
390	3617712763867604423	0.0125119686126708984375	17082152
391	3850538434667429186	0.0632190704345703125	17169736
392	4098034535626594791	0.0133650302886962890625	17257672
393	4361106170762284114	0.01284694671630859375	17345704
394	4640713124699623515	0.0640509128570556640625	17433960
395	4937873096788191655	0.0135800838470458984375	17522440
396	5253665124416975163	0.0128269195556640625	17611144
397	5589233202595404488	0.0638630390167236328125	17700072
398	5945790114707874597	0.01299285888671875	17789224
399	6324621482504294325	0.0630939006805419921875	17878600
400	6727090051741041926	0.0138800144195556640625	17968200
401	7154640222653942321	0.0130269527435302734375	18058024
402	7608802843339879269	0.063373088836669921875	18148072
403	8091200276484465581	0.0134460926055908203125	18238344
404	8603551759348655060	0.063767910003662109375	18328840
405	9147679068859117602	0.0142688751220703125	18419560
406	9725512513742021729	0.0138161182403564453125	18510504
407	10339097267123947241	0.0636270046234130859375	18601672
408	10990600063775926994	0.0137779712677001953125	18693192
409	11682316277192317780	0.0645592212677001953125	18784808
410	12416677403151190382	0.014565944671630859375	18876648
411	13196258966925435702	0.01406097412109375	18968712
412	14023788883518847344	0.064918041229248046875	19061000
413	14902156290309948968	0.014030933380126953125	19153512
414	15834420884488187770	0.0644581317901611328125	19246248
415	16823822787139235544	0.0146310329437255859375	19339208
416	17873792969689876004	0.0646140575408935546875	19432392
417	18987964267331664557	0.015408992767333984375	19528360
418	20170183018805933659	0.01445484161376953125	19624688
419	21424521360255636320	0.0661602020263671875	19721312
420	22755290216580025259	0.0147769451141357421875	19818200
421	24167053021441363961	0.06838893890380859375	19915352
422	25664640213837714846	0.0151131153106689453125	20012760
423	27253164546230421739	0.06509304046630859375	20110416
424	28938037257084798150	0.01569080352783203125	20208448
425	30724985147095051099	0.0150139331817626953125	20306600
426	32620068617410232189	0.0664150714874267578125	20404992
427	34629700713903575934	0.0150110721588134765625	20503624
428	36760667241831527309	0.066152095794677734375	20602504
429	39020148000237259665	0.01535797119140625	20701624
430	41415739207102358378	0.0663459300994873046875	20800984
431	43955477170518116534	0.015858173370361328125	20900584
432	46647863284229267991	0.0662319660186767578125	21000416
433	49501890409405150715	0.016292095184326171875	21100488
434	52527070729108240605	0.0154979228973388671875	21200800
435	55733465144636286656	0.0668010711669921875	21301352
436	59131714309169618645	0.01562595367431640625	21402136
437	62733071376043079215	0.0671799182891845703125	21503160
438	66549436566966297367	0.0158150196075439453125	21604424
439	70593393646562135510	0.0687921047210693359375	21705920
440	74878248419470886233	0.0160191059112548828125	21807784
441	79418069346443402240	0.0674800872802734375	21909752
442	84227730407729499781	0.016088962554931640625	22011960
443	89322956321353645667	0.0673849582672119140625	22114400
444	94720370257893471820	0.0164730548858642578125	22217080
445	100437544171752847604	0.06793880462646484375	22319992
446	106493051905239118581	0.0166909694671630859375	22423136
447	112906525199196103354	0.067842960357666015625	22526520
448	119698712782720205954	0.016941070556640625	22630136
449	126891542690981418000	0.0678040981292724609375	22733992
450	134508188001572923840	0.01723194122314453125	22838080
451	142573136155347404229	0.068873882293701171875	22942400
452	151112262071917313678	0.017665863037109375	23046960
453	160152905244553715585	0.06970310211181640625	23151752
454	169723951046458040965	0.01745891571044921875	23256776
455	179855916453958267598	0.068767070770263671875	23362040
456	190581040442651931034	0.017546176910400390625	23467664
457	201933379285114688629	0.068930149078369140625	23573392
458	213948907032733069132	0.0176827907562255859375	23679352
459	226665621435831345565	0.0686008930206298828125	23785552
460	240123655613925192081	0.017467021942138671875	23891984
461	254365395758574199975	0.0680980682373046875	23998648
462	269435605212954994471	0.0175750255584716796875	24105544
463	285381555241961986287	0.0679390430450439453125	24212680
464	302253162872576636605	0.0176680088043212890625	24320048
465	320103136152993290544	0.068058013916015625	24427648
466	338987127249525432549	0.0178470611572265625	24535480
467	358963893768162876613	0.0682170391082763671875	24643552
468	380095468763120598477	0.0679399967193603515625	24751856
469	402447339861711475160	0.0190541744232177734375	24860392
470	426088638015652413417	0.0689990520477294921875	24969160
471	451092336355096099864	0.0192539691925048828125	25078160
472	477535459708164115593	0.069465160369873046875	25187528
473	505499305314204629558	0.01893711090087890625	25297000
474	535069675351607262125	0.071987152099609375	25406704
475	566337121865805599675	0.018741130828857421875	25516640
476	599397204782301852926	0.0708138942718505859375	25626808
477	634350763653787028583	0.069572925567626953125	25737208
478	671304203896731807232	0.0201280117034912109375	25847848
479	710369798236628238005	0.0699050426483154296875	25958720
480	751666004194993125591	0.0198078155517578125	26069824
481	795317798414758232180	0.0699660778045654296875	26181160
482	841457028742823649455	0.0196831226348876953125	26292728
483	890222784951928088294	0.0702130794525146484375	26404528
484	941761789114997698055	0.070067882537841796875	26516568
485	996228806608573411012	0.0345580577850341796875	26628840
486	1053787078862455346513	0.071506977081298828125	26741344
487	1114608778936426484248	0.0204241275787353515625	26854080
488	1178875491155735802646	0.0719749927520751953125	26967176
489	1246778716001272919665	0.0197050571441650390625	27080376
490	1318520401612270233223	0.073235034942626953125	27193808
491	1394313503224447816939	0.07172107696533203125	27307480
492	1474382572040363953132	0.021068096160888671875	27421384
493	1558964374994977806173	0.071620941162109375	27535520
494	1648308547066172438760	0.0202620029449462890625	27649888
495	1742678277747760981187	0.0722548961639404296875	27764488
496	1842351033503159891466	0.073053836822509765625	27879320
497	1947619317987658064007	0.031318187713623046875	27994384
498	2058791472042884901563	0.0724370479583740234375	28109680
499	2176192515439287461625	0.0204970836639404296875	28225216
500	2300165032574323995027	0.07125186920166015625	28340984
501	2431070104309287327876	0.0717689990997314453125	28456984
502	2569288288377098289281	0.02128314971923828125	28573216
503	2715220650772245313220	0.0721881389617919921875	28689680
504	2869289850802400662045	0.0723650455474853515625	28806504
505	3031941282464413132742	0.0221498012542724609375	28923432
506	3203644275096202070012	0.07487392425537109375	29040592
507	3384893356244349844341	0.0213449001312255859375	29157984
508	3576209579998154653671	0.0724771022796630859375	29275616
509	3778141924035171537110	0.072476863861083984375	29393480
510	3991268758958164118300	0.0216701030731201171875	29511576
511	4216199393504640098482	0.0731160640716552734375	29629904
512	4453575699570940947378	0.073078155517578125	29748464
513	4704073821002175842062	0.0223510265350341796875	29867256
514	4968405970488126319775	0.0838901996612548828125	29986280
515	5247322318923878793976	0.0726759433746337890625	30105536
516	5541612982013113936133	0.0241119861602783203125	30225024
517	5852110108921301661040	0.078032016754150390625	30344744
518	6179690078238084808000	0.078523159027099609375	30464704
519	6525275806549652788115	0.0249660015106201171875	30584896
520	6889839175409542385648	0.0781080722808837890625	30705448
521	7274403582551733377346	0.083241939544677734375	30826104
522	7680046623716094332553	0.024690151214599609375	30946992
523	8107902911527474124146	0.091437816619873046875	31068112
524	8559167038437716736150	0.0989210605621337890625	31189464
525	9035096690829005915201	0.0389959812164306640625	31311048
526	9537015921990240021538	0.1099188327789306640625	31432864
527	10066318591787500106586	0.1204850673675537109375	31554912
528	10624471981512075020731	0.031529903411865234375	31677192
529	11213020592521695111580	0.103106975555419921875	31799704
530	11833590138006300416410	0.076198101043701171875	31922456
531	12487891737367521803652	0.0786249637603759765625	32045440
532	13177726323474524612308	0.025269985198974609375	32168656
533	13904989273245567335012	0.075277805328369140625	32292104
534	14671675272840783232475	0.0748500823974609375	32415784
535	15479883428970761068959	0.0247609615325927734375	32539696
536	16331822638729701493803	0.075276851654052734375	32663968
537	17229817230617210720599	0.075932979583740234375	32788344
538	18176312890390861435034	0.0244839191436767578125	32912952
539	19173882885687454484110	0.0757389068603515625	33037792
540	20225234604409151266221	0.0783169269561767578125	33162864
541	21333216422211708570598	0.076366901397705078125	33288168
542	22500824915577356165493	0.025149822235107421875	33413704
543	23731212437346370138355	0.0764081478118896484375	33539480
544	25027695072821279146420	0.100676059722900390625	33665488
545	26393760995005382968154	0.10764598846435546875	33791728
546	27833079238879849385687	0.0274770259857177734375	33918200
547	29349508915133986374841	0.0780498981475830078125	34044904
548	30947108885217475101876	0.07783794403076171875	34171840
549	32630147920163234060900	0.076057910919189453125	34299008
550	34403115367205050943160	0.0266101360321044921875	34426408
551	36270732348871285128752	0.0773639678955078125	34554040
552	38237963520943177237554	0.077805042266845703125	34682032
553	40310029416409244587122	0.0785448551177978515625	34810128
554	42492419404397720872600	0.0268080234527587890625	34938456
555	44790905293907018009131	0.0773999691009521484375	35067016
556	47211555614160398040338	0.0777301788330078125	35195808
557	49760750604354432757376	0.077416896820068359375	35324832
558	52445197947746313627407	0.026905059814453125	35454088
559	55271949286085137715955	0.0780889987945556640625	35583584
560	58248417552751868050007	0.08049678802490234375	35713312
561	61382395164161775318496	0.0786540508270263671875	35843272
562	64682073111542943380454	0.078178882598876953125	35973464
563	68156060996536236172174	0.0279309749603271484375	36103888
564	71813408056839596203570	0.0784008502960205078125	36234544
565	75663625229609055443637	0.0793488025665283203125	36365432
566	79716708303343130521599	0.082004070281982421875	36496552
567	83983162210640880002321	0.0788059234619140625	36627904
568	88474026517495817981253	0.028707981109619140625	36759616
569	93200902166643654187580	0.079248905181884765625	36891432
570	98175979536033971312388	0.0795571804046630859375	37023480
571	103412067875563710992446	0.0794169902801513671875	37155760
572	108922626189067392956037	0.0814571380615234375	37288272
573	114721795630860408658491	0.02875614166259765625	37421016
574	120824433490320564237125	0.079800128936767578125	37553992
575	127246148840551966562301	0.0797278881072998046875	37687200
576	134003339931725153597473	0.080191135406494140625	37820640
577	141113233412529912746558	0.08152294158935546875	37954312
578	148593925468119890197615	0.02904796600341796875	38088224
579	156464424966082817448060	0.081451892852783203125	38222368
580	164744698707340387584240	0.0799281597137451171875	38356744
581	173455718882380096095248	0.0810258388519287109375	38491352
582	182619512839056823919887	0.08076381683349609375	38626192
583	192259215272078129526277	0.0809419155120849609375	38761264
584	202399122950629095580175	0.082973957061767578125	38896696
585	213064752104884207160129	0.029818058013916015625	39032232
586	224282898599046831034631	0.081264972686767578125	39168000
587	236081701023305130945921	0.0803101062774658203125	39304000
588	248490706844586261413858	0.08156490325927734375	39440232
589	261540941761240642265710	0.0808751583099365234375	39576696
590	275264982414934173206642	0.0842030048370361328125	39713392
591	289697032618827122974972	0.0843658447265625	39850320
592	304873003269975366031783	0.0307910442352294921875	39987480
593	320830596120295386610807	0.081510066986083984375	40124872
594	337609391590065169560935	0.0821039676666259765625	40262496
595	355250940815002702558187	0.0846650600433349609375	40400352
596	373798862128436852709430	0.08166408538818359375	40538440
597	393298942187883251157044	0.082087039947509765625	40676760
598	413799241966727832978027	0.082171916961669921875	40815312
599	435350207840317348270000	0.083217144012451171875	40954096
600	458004788008144308553622	0.0843658447265625	41093248
601	481818554503286362923739	0.0327701568603515625	41232504
602	506849831053734861481872	0.08226490020751953125	41371992
603	533159827070679866278987	0.0823400020599365234375	41511712
604	560812778053476538349420	0.083766937255859375	41651664
605	589876092712502332463864	0.08409214019775390625	41791848
606	620420507127059714307352	0.084784984588623046875	41932264
607	652520246268116112057164	0.0838348865509033203125	42072912
608	686253193233019826880477	0.084156036376953125	42213792
609	721701066553229757379480	0.084217071533203125	42354904
610	758949605954969709105721	0.0858440399169921875	42496248
611	798088766967999186006767	0.084477901458740234375	42637824
612	839212924798226411060795	0.0330498218536376953125	42779632
613	882421087896683264554175	0.08347797393798828125	42921672
614	927817121679723721849795	0.0839397907257080078125	43063944
615	975509982873756796925504	0.085486888885498046875	43206448
616	1025613964982134990453294	0.0854070186614990234375	43349312
617	1078248955392080004474789	0.084948062896728515625	43492280
618	1133540704665979618906662	0.0847918987274169921875	43635480
619	1191621108583631746910145	0.0853440761566162109375	43778912
620	1252628503530795506440909	0.086909770965576171875	43922576
621	1316707975853817969920561	0.0852420330047607421875	44066472
622	1384011685831426958558879	0.08617305755615234375	44210608
623	1454699206941558115141676	0.086326122283935546875	44354976
624	1528937881135168275063375	0.12810611724853515625	44499576
625	1606903190858354689128371	0.087235927581787109375	44644408
626	1688779148601189609516729	0.0895330905914306640625	44789472
627	1774758704783877366657989	0.08843994140625	44934768
628	1865044174831202682776536	0.086421966552734375	45080296
629	1959847686321528964669495	0.0884249210357666015625	45226056
630	2059391647140527228529479	0.086183071136474609375	45372048
631	2163909235608484556362424	0.086781978607177734375	45518272
632	2273644913597837330081136	0.0869929790496826171875	45664856
633	2388854963699932382735982	0.0887620449066162109375	45811544
634	2509808051552031608082535	0.087184906005859375	45958464
635	2636785814481962651219075	0.0873219966888427734375	46105616
636	2770083477684418110395121	0.0888040065765380859375	46253000
637	2910010499193691843303014	0.0888538360595703125	46400616
638	3056891244979232231862474	0.08734893798828125	46548464
639	3211065695545980277248740	0.08812808990478515625	46696544
640	3372890185488482409685019	0.0899817943572998046875	46844856
641	3542738177508596708707874	0.088202953338623046875	46993400
642	3721001072479541451508397	0.0881350040435791015625	47142176
643	3908089057205582486668934	0.0885980129241943359375	47291184
644	4104431991606013700457110	0.090135097503662109375	47440424
645	4310480337124871462076948	0.088697910308837890625	47589896
646	4526706128254173781044298	0.0880968570709228515625	47739600
647	4753603989138067267826945	0.08916378021240234375	47889544
648	4991692197319220372390544	0.09018993377685546875	48039848
649	5241513796775816319683700	0.0883538722991943359375	48190256
650	5503637762499727151307095	0.0879681110382080078125	48340896
651	5778660218961559003723580	0.0886881351470947265625	48491768
652	6067205714919484306343541	0.0899288654327392578125	48642872
653	6369928557132709817142929	0.0894320011138916015625	48794208
654	6687514205661440172553650	0.140881061553955078125	48945776
655	7020680733548749464953877	0.091540813446044921875	49097576
656	7370180353811425547662139	0.0906999111175537109375	49249608
657	7736801016790889035132284	0.0902500152587890625	49401872
658	8121368081058512888507057	0.09056186676025390625	49554368
659	8524746061205131302394950	0.0917270183563232421875	49707096
660	8947840456000332817673697	0.0908339023590087890625	49860056
661	9391599660555044587641517	0.09029102325439453125	50013248
662	9857016966290401433259592	0.0915219783782958984375	50166672
663	10345132652677367520056676	0.09171295166015625	50320328
664	10857036174895938656583295	0.090776920318603515625	50474344
665	11393868451739000294452939	0.0911099910736083984375	50628464
666	11956824258286445517629485	0.14562702178955078125	50782816
667	12547154728067493595502055	0.091477870941162109375	50937400
668	13166169969647255482980383	0.0923998355865478515625	51092216
669	13815241802783448943206160	0.093654155731201171875	51247264
670	14495806619536377005379418	0.0950710773468017578125	51402544
671	15209368375944215483241988	0.0941798686981201171875	51558056
672	15957501720133631304230773	0.092091083526611328125	51713800
673	16741855262985451980947171	0.092152118682861328125	51869776
674	17564154997755650263621500	0.1468269824981689453125	52025984
675	18426207875324210441995136	0.0926229953765869140625	52182424
676	19329905542049511423199336	0.093985080718994140625	52339096
677	20277228247502764885900784	0.094009876251220703125	52496000
678	21270248929688765106878025	0.09335803985595703125	52653144
679	22311137485682880566295780	0.09391498565673828125	52810520
680	23402165235974892374954302	0.0950109958648681640625	52968256
681	24545709591163085124246501	0.146831035614013671875	53126096
682	25744258930034131533263392	0.0949180126190185546875	53284168
683	27000417698448800353553865	0.0940201282501220703125	53442472
684	28316911738879831363625420	0.0947170257568359375	53601008
685	29696593860867277871605321	0.09630298614501953125	53759776
686	31142449663120060247020395	0.094254970550537109375	53918776
687	32657603618448918933404658	0.149816989898681640625	54078008
688	34245325433219728719773420	0.095160961151123046875	54237472
689	35909036693513349075724695	0.0962479114532470703125	54397168
690	37652317810725762600765183	0.09644794464111328125	54557096
691	39478915279883795756623331	0.09543895721435546875	54717256
692	41392749264546866860893416	0.1501691341400146484375	54877648
693	43397921522754943172592795	0.096675872802734375	55038272
694	45498723689129703063649450	0.0984649658203125	55199128
695	47699645928878027716139269	0.0971469879150390625	55360216
696	50005385980149860746062163	0.0969469547271728515625	55521664
697	52420858601901549459658530	0.1506168842315673828125	55683216
698	54951205445179608281719072	0.0998489856719970703125	55845000
699	57601805366500810491219000	0.0978031158447265625	56007016
700	60378285202834474611028659	0.099646091461181640625	56169264
701	63286531028521032840985510	0.097332000732421875	56331744
702	66332699915362724119980694	0.15326690673828125	56494456
703	69523232218023552371152320	0.099438190460205078125	56657400
704	72864864407855341219969825	0.1008689403533935546875	56820576
705	76364642479247406973532354	0.0993349552154541015625	56983984
706	80029935953661656574123574	0.15499782562255859375	57147624
707	83868452507581852374822598	0.1014769077301025390625	57311496
708	87888253251761884175130183	0.1002099514007568359375	57475600
709	92097768690318501305952845	0.1022319793701171875	57639936
710	96505815389469697877049934	0.156922817230224609375	57804504
711	101121613386982294887579670	0.13344097137451171875	57969304
712	105954804374756131323439197	0.15727901458740234375	58134464
713	111015470688345108146850290	0.23344898223876953125	58299728
714	116314155138696524440183805	0.105881214141845703125	58465224
715	121861881722882938654960142	0.1023018360137939453125	58630952
716	127670177252209281782740521	0.101853847503662109375	58796912
717	133751093937700984130081285	0.1582181453704833984375	58963112
718	140117232974725477106760252	0.102775096893310546875	59129544
719	146781769170263852819573505	0.1043169498443603515625	59296208
720	153758476658245881594406593	0.1595909595489501953125	59463104
721	161061755750279477635534762	0.1058909893035888671875	59630232
722	168706660971164630122439117	0.1040799617767333984375	59797592
723	176708930330666271859881567	0.105578899383544921875	59965184
724	185085015885255746880625875	0.1609628200531005859375	60133008
725	193852115645795752984189381	0.1061990261077880859375	60301064
726	203028206889569986197651315	0.104384899139404296875	60469352
727	212632080937520072186590492	0.1638538837432861328125	60637872
728	222683379460186024851577401	0.1058528423309326171875	60806752
729	233202632378520643600875145	0.1081330776214599609375	60975736
730	244211297428606706709925517	0.1610410213470458984375	61144952
731	255731801462210865865001525	0.106771945953369140625	61314400
732	267787583558210323920375877	0.1058619022369384765625	61484080
733	280403140023083872114273884	0.1659448146820068359375	61653992
734	293604071362025285843562670	0.107326030731201171875	61824136
735	307417131305664218954016427	0.10799884796142578125	61994512
736	321870277981032622582593573	0.1657140254974365234375	62165120
737	336992727319136467572139095	0.10782909393310546875	62335960
738	352815008795455957133215652	0.1091759204864501953125	62507032
739	369369023603738655757458075	0.1650559902191162109375	62678336
740	386688105367749941220651375	0.1099569797515869140625	62849872
741	404807083500032850651734059	0.1669628620147705078125	63021640
742	423762349321394151918928481	0.1095218658447265625	63193640
743	443591925059596733749014862	0.1108729839324951171875	63365872
744	464335535850798483634138280	0.16765594482421875	63538464
745	486034684872448271784326296	0.10995388031005859375	63711160
746	508732731741838107613602755	0.1688048839569091796875	63884088
747	532474974320122372524707631	0.11402606964111328125	64057248
748	557308734067567635805394638	0.110105991363525390625	64230640
749	583283445101886813536239875	0.17403697967529296875	64404264
750	610450747117966916191771809	0.1130840778350830078125	64578120
751	638864582333908382360557376	0.16815090179443359375	64752208
752	668581296635294279311393900	0.11346912384033203125	64926528
753	699659745096778286894322787	0.11312103271484375	65101080
754	732161402067670820574405230	0.1732728481292724609375	65275864
755	766150476015982127183457373	0.1133937835693359375	65450880
756	801694029333610862568750951	0.17117786407470703125	65626128
757	838862103313805798709299373	0.114656925201416015625	65801608
758	877727848520950325159242658	0.172604084014892578125	65977320
759	918367660781873199488134935	0.1163170337677001953125	66153264
760	960861323037560814483873080	0.114143848419189453125	66329568
761	1005292153304074193879898920	0.17311191558837890625	66505976
762	1051747159001957690209588887	0.1151599884033203125	66682616
763	1100317197924192833923669753	0.1741220951080322265625	66859488
764	1151097146124113726578727360	0.116281986236572265625	67036592
765	1204186073016375022219516992	0.17436885833740234375	67213936
766	1259687423996378387111229150	0.11626911163330078125	67391512
767	1317709210896221493178043552	0.1765940189361572265625	67569320
768	1378364210608578997366598385	0.1173717975616455078125	67747360
769	1441770172223648126550509165	0.179482936859130859375	67925632
770	1508050033038752490738311726	0.1173250675201416015625	68104136
771	1577332143815074048889599022	0.1767909526824951171875	68282872
772	1649750503671651735806603894	0.11790180206298828125	68461840
773	1725445005022910006140645612	0.1773579120635986328125	68641040
774	1804561688982956164492944650	0.131576061248779296875	68820472
775	1887253011677361609828822380	0.180223941802978515625	69000136
776	1973678121921532286407950000	0.1204640865325927734375	69180160
777	2064003150743712843868729636	0.181011199951171875	69360288
778	2158401513250589964731360493	0.121198177337646484375	69540648
779	2257054223353982965849642005	0.1807558536529541015625	69721240
780	2360150221898687182164777966	0.1247098445892333984375	69902064
781	2467886718753771981901721670	0.18192195892333984375	70083120
782	2580469549453004933593920862	0.1203420162200927734375	70264408
783	2698113546994164480174756373	0.17961883544921875	70445928
784	2821042929432312216467202070	0.1214540004730224609375	70627680
785	2949491703928193388274450292	0.1805021762847900390625	70809664
786	3083704087940340693022764503	0.1215760707855224609375	70991880
787	3223934948277725160271634798	0.1828191280364990234375	71174328
788	3370450258759473520427114109	0.1219251155853271484375	71357008
789	3523527577258789108163787100	0.182138919830322265625	71539920
790	3683456542940343404363084600	0.18290996551513671875	71723064
791	3850539394533563994343413787	0.12277889251708984375	71906440
792	4025091510519029370421431033	0.1831839084625244140625	72090176
793	4207441972141088280734057870	0.1239149570465087890625	72274016
794	4397934150197476827913759850	0.18293094635009765625	72458088
795	4596926316595586652827474186	0.1232049465179443359375	72642392
796	4804792281705797515062559743	0.18562602996826171875	72826928
797	5021922058584382849328869242	0.1874980926513671875	73011696
798	5248722555182613689484387822	0.12660884857177734375	73196696
799	5485618295704258477069984050	0.18877506256103515625	73381928
800	5733052172321422504456911979	0.128693103790283203125	73567392
801	5991486228508002426815719537	0.1864330768585205078125	73753088
802	6261402475301701333080509487	0.18858814239501953125	73939016
803	6543303741858946450905285538	0.127374172210693359375	74125176
804	6837714561722963378455094385	0.1890869140625	74311568
805	7145182096283051986707103605	0.18748188018798828125	74498192
806	7466277096963606051213804496	0.1296660900115966796875	74685048
807	7801594907743960700949000443	0.1901538372039794921875	74872136
808	8151756509675604512522473567	0.12926197052001953125	75059584
809	8517409609130970421571757565	0.2015020847320556640625	75247136
810	8899229771588828461969917962	0.1915111541748046875	75434920
811	9297921602834531195851268718	0.1293430328369140625	75622936
812	9714219979529959777862768265	0.2011649608612060546875	75811184
813	10148891331187245215547993864	0.19108486175537109375	75999664
814	10602734975663191221223594155	0.149116039276123046875	76188376
815	11076584510377034355391142064	0.1898288726806640625	76377320
816	11571309261543787320061392679	0.1926000118255615234375	76566496
817	12087815793808125625662163707	0.1298770904541015625	76755904
818	12627049482760689878061744701	0.194198131561279296875	76945544
819	13189996152918959195978870030	0.1930320262908935546875	77135416
820	13777683783859651786576215682	0.131416797637939453125	77325520
821	14391184287298069419105856949	0.1942760944366455078125	77515856
822	15031615358023124634594092724	0.195622920989990234375	77706424
823	15700142401714084441377203063	0.1315300464630126953125	77897224
824	16397980542787591098996821750	0.19503688812255859375	78088384
825	17126396715550358417594267021	0.19509601593017578125	78279648
826	17886711842065410771034749979	0.1966459751129150390625	78471152
827	18680303100276877491522988120	0.1333010196685791015625	78662888
828	19508606286081561360311437674	0.196567058563232421875	78854856
829	20373118273183778133458320225	0.1966259479522705078125	79047056
830	21275399574724765449983360003	0.13395214080810546875	79239488
831	22217077010838260632179411313	0.1978359222412109375	79432152
832	23199846486451169343993151122	0.1974809169769287109375	79625048
833	24225475883821531494697782922	0.1985790729522705078125	79818176
834	25295808074486832813101046425	0.13502597808837890625	80011536
835	26412764055483014097178757689	0.2000110149383544921875	80205128
836	27578346214889968804237171486	0.1993579864501953125	80398952
837	28794641731961759722351371983	0.200559139251708984375	80593008
838	30063826117310982372086476080	0.135754108428955078125	80787296
839	31388166898835484452139885750	0.1998679637908935546875	80981816
840	32770027459303858556350798600	0.2002041339874267578125	81176696
841	34211871031752548278772284453	0.2014081478118896484375	81371680
842	35716264859093977687647313415	0.20044708251953125	81566896
843	37285884524590579748861394570	0.1387560367584228515625	81762344
844	38923518460115987806848673270	0.200050830841064453125	81958024
845	40632072639400673752129300324	0.2011950016021728515625	82153936
846	42414575463747094337180792099	0.2018392086029052734375	82350080
847	44274182847997609942310578598	0.137816905975341796875	82546456
848	46214183514849300594196193732	0.2027380466461181640625	82743064
849	48238004505931946889525421000	0.202454090118408203125	82939904
850	50349216918401212177548479675	0.2040297985076904296875	83136976
851	52551541876147039010384562987	0.204434871673583984375	83334280
852	54848856745079917639394818823	0.2028868198394775390625	83531816
853	57245201602333536237114022805	0.1419780254364013671875	83729584
854	59744785969613964515539259105	0.2038519382476806640625	83927584
855	62351995821331449988466091712	0.203875064849853515625	84125816
856	65071400878573831543609957267	0.2048051357269287109375	84324408
857	67907762200418949875852866531	0.20592403411865234375	84523104
858	70866040084540107092698343096	0.204174041748046875	84722032
859	73951402289532005957331751320	0.143772125244140625	84921192
860	77169232591877674590168543277	0.2056219577789306640625	85120584
861	80525139690988018278755885205	0.2062761783599853515625	85320208
862	84024966476277979232856334449	0.2058811187744140625	85520064
863	87674799670795146675673859587	0.2083289623260498046875	85720152
864	91480979866491345649258758095	0.206841945648193359375	85920472
865	95450111966823518214883921610	0.20769405364990234375	86121024
866	99589076052990565170686659417	0.1434981822967529296875	86321808
867	103905038690755971019484297576	0.2081649303436279296875	86522824
868	108405464695475636367939373595	0.2084820270538330078125	86724072
869	113098129373644577851404473535	0.209620952606201171875	86925552
870	117991131259998859170817958839	0.2108871936798095703125	87127264
871	123092905369958432777075796052	0.209720134735107421875	87329208
872	128412236987976529870072690275	0.2094211578369140625	87531512
873	133958276013169939669531019316	0.2109329700469970703125	87733920
874	139740551884446204479331411000	0.211001873016357421875	87936560
875	145768989108216487062234772851	0.2111361026763916015625	88139432
876	152053923412691097170490155923	0.2088367938995361328125	88342536
877	158606118553696417431847045996	0.148618221282958984375	88545872
878	165436783797931931934295220337	0.2123358249664306640625	88749440
879	172557592110602218633091543840	0.2120540142059326171875	88953240
880	179980699075416049556058362840	0.2128322124481201171875	89157272
881	187718762576041099642814429720	0.2132060527801513671875	89361536
882	195784963269243383580949581161	0.21380901336669921875	89566032
883	204193025881123335512830178821	0.2149550914764404296875	89770760
884	212957241359090878236182734445	0.2144908905029296875	89975720
885	222092489913497780851227603386	0.2149960994720458984375	90180912
886	231614264984172822820073009257	0.2144491672515869140625	90386336
887	241538698168481624527315178361	0.2153341770172119140625	90591992
888	251882585148964518765460484674	0.2152359485626220703125	90798008
889	262663412660090356154504995095	0.2145559787750244140625	91004128
890	273899386535208029575034561337	0.2152798175811767578125	91210480
891	285609460876378579895067651923	0.2157828807830810546875	91417064
892	297813368391435715163322531331	0.2136981487274169921875	91623880
893	310531651944349233813920512829	0.2236588001251220703125	91830928
894	323785697366761254448562966675	0.2169201374053955078125	92038208
895	337597767580427105501057917306	0.2230651378631591796875	92245720
896	351991038082228660789452118410	0.218225955963134765625	92453464
897	366989633845435601723754690835	0.218879222869873046875	92661440
898	382618667692977386826261193199	0.2177760601043701171875	92869648
899	398904280200653395819254517900	0.2184278964996337890625	93078088
900	415873681190459054784114365430	0.2185981273651123046875	93286760
901	433555192876539531087229255477	0.218730926513671875	93495664
902	451978294728708525214023001725	0.2199900150299072265625	93704800
903	471173670120985588372050797999	0.2206509113311767578125	93914168
904	491173254835220446432862090800	0.220179080963134765625	94123896
905	512010287492584845146484412308	0.22037506103515625	94333736
906	533719361988531136324395159455	0.2209088802337646484375	94543808
907	556336482009740068071399064008	0.2202260494232177734375	94754112
908	579899117714618242279047917300	0.2866179943084716796875	94964648
909	604446264662056374189988834755	0.232082843780517578125	95175416
910	630018505076433611630379753807	0.2231578826904296875	95386416
911	656658071540248718776792346785	0.2236549854278564453125	95597648
912	684408913209287275550344075013	0.2237451076507568359375	95809112
913	713316764648893234122621625751	0.2236630916595458984375	96020808
914	743429217393715213042975617565	0.2245490550994873046875	96232736
915	774795794337240928934816284899	0.22465991973876953125	96444896
916	807468027061529837515792402675	0.225286960601806640625	96657288
917	841499536221802614337232047468	0.224281787872314453125	96869912
918	876946115104959930393838357571	0.2237250804901123046875	97082768
919	913865816485680423486405066750	0.2929661273956298828125	97295856
920	952319042908502961911588247808	0.2241861820220947265625	97509304
921	992368640529229737341624411924	0.22737884521484375	97722856
922	1034079996654109332431762911842	0.2242720127105712890625	97936640
923	1077521141120571341397403386532	0.226975917816162109375	98150656
924	1122762851668802145076610697775	0.2271230220794677734375	98364904
925	1169878763459173895733432737528	0.226974964141845703125	98579384
926	1218945482896482311379736998403	0.2933170795440673828125	98794096
927	1270042705928112564209840426896	0.2493438720703125	99009040
928	1323253340989653981276400185806	0.2288739681243896484375	99224216
929	1378663636778122744608506419570	0.2282559871673583984375	99439624
930	1436363315039845896899358328033	0.2294847965240478515625	99655264
931	1496445708567209282036578487803	0.2295629978179931640625	99871136
932	1559007904605896258842021462474	0.297257900238037109375	100087240
933	1624150893881942976244820893255	0.229557037353515625	100303576
934	1691979725465930503404211099660	0.23203277587890625	100520144
935	1762603667699924360130192603237	0.2325379848480224609375	100736944
936	1836136375421380008668856717532	0.232006072998046875	100954104
937	1912696063727159213943851080855	0.3035228252410888671875	101171368
938	1992405688530070149968413761596	0.234778881072998046875	101388864
939	2075393134169954709485716047155	0.2368500232696533203125	101606592
940	2161791408351324312330912522447	0.2325150966644287109375	101824552
941	2251738844689892053427982289844	0.23394680023193359375	102042744
942	2345379313161090374436414551558	0.3066799640655517578125	102261168
943	2442862438754801545567295092897	0.2371170520782470703125	102479824
944	2544343828652090726779455860435	0.233335018157958984375	102698712
945	2649985308251720770267133439311	0.2349569797515869140625	102917832
946	2759955166386673475403099789409	0.3054130077362060546875	103137184
947	2874428410083806869907819978392	0.23517513275146484375	103356768
948	2993587029233173241168779714732	0.23674488067626953125	103576584
949	3117620271547411926979127053250	0.2360460758209228515625	103796632
950	3246724928206047105940972859506	0.3066251277923583984375	104016912
951	3381105630594468612010288127863	0.235762119293212890625	104237424
952	3520975158562887897616477410546	0.2379381656646728515625	104458296
953	3666554760646647127956344306190	0.3059809207916259765625	104679272
954	3818074486705953843294627812035	0.2382600307464599609375	104900480
955	3975773533460423034845675035419	0.238420009613037109375	105121920
956	4139900603411771887815710365915	0.238500118255615234375	105343592
957	4310714277666637214536144927329	0.307588100433349609375	105565496
958	4488483403190813123215639907302	0.238008022308349609375	105787632
959	4673487495046245204241629451110	0.23999309539794921875	106010000
960	4866017154182911354694265206413	0.30904293060302734375	106232600
961	5066374501379277964399166419563	0.2421610355377197265625	106455432
962	5274873627947390097986152243705	0.2403469085693359375	106678496
963	5491841063841846500452896053582	0.312614917755126953125	106901792
964	5717616263835974099255567733750	0.242702960968017578125	107125320
965	5952552112453464578853008309794	0.2420928478240966796875	107349080
966	6197015448369619941842104648894	0.314077854156494140625	107573072
967	6451387609023188709970129910797	0.2428951263427734375	107797296
968	6716064996207615136996693074302	0.2435591220855712890625	108021880
969	6991459663439386169435859778910	0.314301967620849609375	108246568
970	7277999925931103886207676505429	0.2430751323699951171875	108471488
971	7576130994027952290703815097177	0.245861053466796875	108696640
972	7886315630998429231248733036419	0.317946910858154296875	108922024
973	8209034836103596418058528755338	0.2467200756072998046875	109147640
974	8544788553903729460741526714750	0.315659999847412109375	109373488
975	8894096410797147287955714755082	0.24736690521240234375	109599568
976	9257498479823236816318777820416	0.2483499050140380859375	109825880
977	9635556074800288403768986034253	0.3191540241241455078125	110052424
978	10028852574908795418824727341746	0.247150897979736328125	110279200
979	10437994280872373856676062879735	0.321815013885498046875	110506208
980	10863611303931504965592652844878	0.2489759922027587890625	110733448
981	11306358488849924787366667765407	0.250133037567138671875	110960920
982	11766916372239763961801564990016	0.321755886077880859375	111188624
983	12245992177539511607834487453052	0.2505748271942138671875	111416560
984	12744320848028628464246059627690	0.33288097381591796875	111644856
985	13262666119314202551196742822008	0.249477863311767578125	111873256
986	13801821632778520931079437719552	0.3236329555511474609375	112101888
987	14362612091531863067120268402228	0.25321102142333984375	112330752
988	14945894460472306341153073892017	0.2504770755767822265625	112559848
989	15552559212113915719970799358900	0.320065975189208984375	112789176
990	16183531619906475296861224625027	0.2513370513916015625	113018736
991	16839773100833956878604913215477	0.322268009185791015625	113248528
992	17522282609145324707635966077022	0.2541091442108154296875	113478552
993	18232098083140097717852712346115	0.3246190547943115234375	113708808
994	18970297947002453464660671155990	0.26189517974853515625	113939296
995	19738002669751617842096992232436	0.3225090503692626953125	114170016
996	20536376383452971700767593594021	0.2528488636016845703125	114400968
997	21366628562913781584556907794729	0.334705829620361328125	114632152
998	22230015769169865076825741905555	0.279488086700439453125	114863568
999	23127843459154899464880444632250	0.3469979763031005859375	115095216
1000	24061467864032622473692149727991	0.2604410648345947265625	115327224
1001	25032297938763929621013218349796	0.328587055206298828125	115559336
1002	26041797385576000582369625213281	0.2555921077728271484375	115791680
1003	27091486754099167408984061096127	0.3431110382080078125	116024256
1004	28182945621039436811282417218990	0.2566201686859130859375	116257064
1005	29317814852360484763188469380980	0.325038909912109375	116490104
1006	30497798951058731380716134731126	0.3251159191131591796875	116723376
1007	31724668493728872881006491578226	0.258098125457763671875	116956880
1008	33000262659235183814081519827753	0.3435809612274169921875	117190616
1009	34326491852926110526276105821510	0.356555938720703125	117424584
1010	35705340429956356495500048880518	0.3476908206939697265625	117658784
1011	37138869521411924622451440267117	0.2585041522979736328125	117893224
1012	38629219967069644267226780200798	0.3299028873443603515625	118127896
1013	40178615358763694337831877170404	0.262938976287841796875	118362800
1014	41789365198477765393682507986660	0.331246852874755859375	118597936
1015	43463868175432916528376380161993	0.33032894134521484375	118833304
1016	45204615566598118821992112719830	0.2605249881744384765625	119069032
1017	47014194765213080671467587361162	0.3322870731353759765625	119304864
1018	48895292942081479136595740785155	0.2607390880584716796875	119540928
1019	50850700844567331975836762416180	0.3321330547332763671875	119777224
1020	52883316738408211899530127054215	0.3323009014129638671875	120013752
1021	54996150497646497195116039121846	0.2639930248260498046875	120250512
1022	57192327848174163803231700285962	0.333477020263671875	120487504
1023	59475094770587936660132803278445	0.333271026611328125	120724728
1024	61847822068260244309086870983975	0.264790058135986328125	120962184
1025	64314010106747559065438412709786	0.335113048553466796875	121199872
1026	66877293730881687431325192921834	0.263751983642578125	121437792
1027	69541447366121616918816177545634	0.3375341892242431640625	121675944
1028	72310390310983979753319152713934	0.3465230464935302734375	121914328
1029	75188192227619293524858181464065	0.2706820964813232421875	122152944
1030	78179078837859260757658669457252	0.3406620025634765625	122391792
1031	81287437832327804842152878336251	0.3359429836273193359375	122630872
1032	84517825000485590628268677129623	0.265491008758544921875	122870312
1033	87874970589764795726619149717517	0.3402078151702880859375	123109856
1034	91363785902248291467082481888195	0.34144496917724609375	123349632
1035	94989370137655453801161398756590	0.339787006378173828125	123589640
1036	98757017491716010698603869808070	0.272614955902099609375	123829880
1037	102672224519343960454073227246547	0.34167003631591796875	124070352
1038	106740697772366151410092496101554	0.3468749523162841796875	124311056
1039	110968361721914939732387042839470	0.2724487781524658203125	124551992
1040	115361366975961956826368092270559	0.3430569171905517578125	124793160
1041	119926098802850790583643914139778	0.344542980194091796875	125034560
1042	124669185972080868004022654618279	0.3434789180755615234375	125276192
1043	129597509924003418690815024769614	0.2729167938232421875	125518056
1044	134718214280513689012974236132740	0.3458960056304931640625	125760152
1045	140038714709261994367964528304147	0.3456890583038330078125	126002480
1046	145566709154360370820516947589011	0.345613956451416015625	126245040
1047	151310188447031979898125505211430	0.275822162628173828125	126487832
1048	157277447310137702096803724432844	0.3458168506622314453125	126730984
1049	163477095771019024080265786609550	0.3495099544525146484375	126974240
1050	169918070997619096807349078318498	0.346662044525146484375	127217728
1051	176609649573385253852206425342508	0.275496006011962890625	127461448
1052	183561460227017093724267411668558	0.3485109806060791015625	127705400
1053	190783497033705025399011223174627	0.348824024200439453125	127949584
1054	198286133105105766051740791002035	0.347957134246826171875	128194000
1055	206080134785924286913455951259466	0.3495800495147705078125	128438648
1056	214176676375616994965530422655441	0.279036998748779296875	128683528
1057	222587355394399185288134561600051	0.3520929813385009765625	128928640
1058	231324208413431926871476886628488	0.3514311313629150390625	129173984
1059	240399727469780275150398352541295	0.353332042694091796875	129419560
1060	249826877087477024806306436682550	0.3538229465484619140625	129665368
1061	259619111926794902903903858282467	0.280500888824462890625	129911408
1062	269790395084626208521306859330203	0.3557338714599609375	130157680
1063	280355217069693265922512204254601	0.35443782806396484375	130404184
1064	291328615477166797747643128851965	0.3558800220489501953125	130651048
1065	302726195388153340970512449363108	0.354235172271728515625	130898016
1066	314564150520428320398942429589829	0.35447216033935546875	131145216
1067	326859285157739328217944658021195	0.3588950634002685546875	131392648
1068	339629036885985812650521091739503	0.2851159572601318359375	131640312
1069	352891500165597792693064105229860	0.3595650196075439453125	131888208
1070	366665450770488753893927654278831	0.36029815673828125	132136336
1071	380970371125047658469252263285168	0.36067295074462890625	132384696
1072	395826476571763477972460354798893	0.3595600128173828125	132633288
1073	411254742603244027745802489871124	0.3614108562469482421875	132882112
1074	427276933093600703409672633110750	0.360002040863037109375	133131168
1075	443915629565423279460548833975619	0.3602960109710693359375	133380456
1076	461194261529865886819548193737883	0.36307811737060546875	133629976
1077	479137137938708024340405275972933	0.2876260280609130859375	133879728
1078	497769479788644748304553495300446	0.3647511005401611328125	134129712
1079	517117453919499510741582247311995	0.36332607269287109375	134379928
1080	537208208049543370281513128274546	0.36618804931640625	134630504
1081	558069907092647074919064078269009	0.364044189453125	134881184
1082	579731770803589829653889090465310	0.3662040233612060546875	135132096
1083	602224112799502127836867703068534	0.365068912506103515625	135383240
1084	625578381007131993715400129218655	0.36748600006103515625	135634616
1085	649827199587396195485096741151797	0.3669910430908203125	135886224
1086	675004412390512738195023734124239	0.3672611713409423828125	136138064
1087	701145127996910209394091171983043	0.3665139675140380859375	136390136
1088	728285766401075776846633724874013	0.369801044464111328125	136642440
1089	756464107397538946738052845597325	0.3713529109954833984375	136894976
1090	785719340730295196686468011045384	0.3699982166290283203125	137147744
1091	816092118069154575020287144949660	0.3728930950164794921875	137400744
1092	847624606878758096201928227674051	0.3716080188751220703125	137653976
1093	880360546248341702038727418718373	0.37236499786376953125	137907440
1094	914345304752746677204951178080640	0.3737270832061767578125	138161136
1095	949625940417679322961779585842763	0.3706989288330078125	138415064
1096	986251262864814583017230902369159	0.3739659786224365234375	138669352
1097	1024271897715020987348060381346241	0.3724689483642578125	138923744
1098	1063740353330761125682320075116819	0.3770501613616943359375	139178368
1099	1104711089981595892462307006170625	0.3825109004974365234375	139433224
1100	1147240591519695580043346988281283	0.37465000152587890625	139688312
1101	1191387439655339764253910592315288	0.375111103057861328125	139943632
1102	1237212390925574690626025966996290	0.3773250579833984375	140199184
1103	1284778456452494990829233226377379	0.3768310546875	140454968
1104	1334150984591030161739618104847170	0.3784911632537841796875	140710984
1105	1385397746569649033264079085023363	0.376906871795654296875	140967232
1106	1438589025231051837956193683375282	0.4542691707611083984375	141223712
1107	1493797706983703451005350179037500	0.3791649341583251953125	141480424
1108	1551099377078977592324977502565855	0.381083011627197265625	141737368
1109	1610572418332734533482318570551190	0.381040096282958984375	141994544
1110	1672298113414349146588255526290127	0.380055904388427734375	142251952
1111	1736360750830546535004742869861557	0.38142299652099609375	142509592
1112	1802847734735894350158767668809929	0.381927013397216796875	142767592
1113	1871849698706449115822481531031302	0.384748935699462890625	143025696
1114	1943460623617864164855763103650900	0.38158512115478515625	143284032
1115	2017777959774244383161311335135412	0.3838040828704833984375	143542600
1116	2094902753439183950276117590000925	0.4608099460601806640625	143801400
1117	2174939777925753277977786731439319	0.3859169483184814453125	144060432
1118	2257997669407716887103312005936867	0.3865621089935302734375	144319696
1119	2344189067619971039484826726136835	0.3858010768890380859375	144579192
1120	2433630761622095504505007624351926	0.3861789703369140625	144838920
1121	2526443840805024325560621670846260	0.400806903839111328125	145098880
1122	2622753851327163276606626468293628	0.4829809665679931640625	145359072
1123	2722690958172823755991785784326387	0.385366916656494140625	145619496
1124	2826390113032612069265970456163500	0.388166904449462890625	145880152
1125	2933991228212416784843441604124699	0.3884298801422119140625	146141040
1126	3045639356784883554548008634432380	0.38984394073486328125	146402160
1127	3161484879204764376319516386806829	0.3893730640411376953125	146663512
1128	3281683696617285755657387337131749	0.4614570140838623046875	146925224
1129	3406397431096706053660787897070925	0.386910915374755859375	147187040
1130	3535793633060536116646611744883745	0.3872821331024169921875	147449088
1131	3670045996113488118329838058723628	0.3867309093475341796875	147711368
1132	3809334579584105681944821254585338	0.463199138641357421875	147973880
1133	3953846039026223475533484851711932	0.3912498950958251953125	148236624
1134	4103773864966917551549475742004630	0.3896291255950927734375	148499600
1135	4259318630192449100691154502765975	0.3916819095611572265625	148762808
1136	4420688245873885709566584952625897	0.388495922088623046875	149026248
1137	4588098226844616747507844508037264	0.47350597381591796875	149289920
1138	4761771966352875646576237849731855	0.4024460315704345703125	149553824
1139	4941941020623653451737160975884815	0.396789073944091796875	149817960
1140	5128845403576048431946742302750170	0.4657328128814697265625	150082328
1141	5322733892054158457915227866236060	0.39748287200927734375	150346928
1142	5523864341942100491068450472029219	0.4003331661224365234375	150611760
1143	5732504015546648477080676455520535	0.405273914337158203125	150876824
1144	5948929920644332374606657683899745	0.473395824432373046875	151142248
1145	6173429161603651508297858791951031	0.3977909088134765625	151407776
1146	6406299303007341112943259722223788	0.398376941680908203125	151673536
1147	6647848746214407376439536432805536	0.4735500812530517578125	151939528
1148	6898397119316930779355317551024978	0.3988800048828125	152205752
1149	7158275680962446691834888697663475	0.39896297454833984375	152472208
1150	7427827738529064471293660118664110	0.4748871326446533203125	152738896
1151	7707409081157399483953096394984678	0.406136035919189453125	153005816
1152	7997388428160886234821473483000555	0.402160167694091796875	153272968
1153	8298147893354134143293856722998488	0.4779741764068603515625	153540352
1154	8610083465857701451154337181278065	0.4021189212799072265625	153807968
1155	8933605507957017621037375468973282	0.4017179012298583984375	154075816
1156	9269139270613202791504126859283685	0.48293399810791015625	154343904
1157	9617125427244236129299819591578718	0.405580997467041015625	154612224
1158	9978020626416337178370164768812546	0.404388904571533203125	154880776
1159	10352298064107568778430054733760345	0.4856688976287841796875	155149560
1160	10740448076228572334937735566562385	0.4076488018035888671875	155418704
1161	11142978752109030998555590333304243	0.4848659038543701171875	155687952
1162	11560416569682950887414131083801684	0.404081821441650390625	155957432
1163	11993307053131181401163436777097233	0.406588077545166015625	156227144
1164	12442215453765791987839842332792770	0.487559795379638671875	156497088
1165	12907727454968012800119940123354311	0.416038990020751953125	156767264
1166	13390449902019461518054086533162960	0.4887268543243408203125	157037672
1167	13891011557695348536983250121102793	0.4125177860260009765625	157308312
1168	14410063884518310798493113995825913	0.48954296112060546875	157579184
1169	14948281854602503175542820411276425	0.4136588573455810546875	157850288
1170	15506364788049610799716682308517542	0.4329569339752197265625	158121624
1171	16085037220891570656183958875514689	0.6147768497467041015625	158393192
1172	16685049803609043819824168449851071	0.4157149791717529296875	158664992
1173	17307180231290097851615771678718278	0.496572017669677734375	158937024
1174	17952234206530182283975172821446800	0.4148719310760498046875	159209288
1175	18621046436212348314484589328413725	0.496798038482666015625	159481784
1176	19314481663345819649385158162679300	0.4170100688934326171875	159754640
1177	20033435735181507108244024178275807	0.497167110443115234375	160027600
1178	20778836708864920831259413450679734	0.42841815948486328125	160300792
1179	21551645995930215818617016034137500	0.517857074737548828125	160574216
1180	22352859546983857840754489692613399	0.4217529296875	160847872
1181	23183509077972665661421886007454584	0.4993488788604736328125	161121760
1182	24044663339478824029548767493555588	0.42062282562255859375	161395880
1183	24937429430533921473492651656959612	0.501513957977294921875	161670232
1184	25862954158495203059166455452470495	0.4207260608673095703125	161944816
1185	26822425446580095904068198565803164	0.505094051361083984375	162219632
1186	27817073790709723558345700246365971	0.4237270355224609375	162494680
1187	28848173767368633057992125893483779	0.5055959224700927734375	162769960
1188	29917045594246378653834785571179351	0.42304515838623046875	163045472
1189	31025056745487001593014803461929555	0.5077571868896484375	163321216
1190	32173623623434883211416744742294747	0.5038669109344482421875	163597192
1191	33364213288829995905464566634140396	0.4269740581512451171875	163873400
1192	34598345251472305106432161856883007	0.5110089778900146484375	164149968
1193	35877593323444056632515580254383154	0.4269120693206787109375	164426640
1194	37203587537049994338271609307035630	0.510100841522216796875	164703544
1195	38578016129709269105524749061283955	0.428289890289306640625	164980680
1196	40002627598109003613035027587346239	0.51340484619140625	165258048
1197	41479232824008249429294178038617951	0.51387882232666015625	165535648
1198	43009707274162500911950054844789890	0.4317619800567626953125	165813480
1199	44595993276923101114218051405894000	0.5192317962646484375	166091544
1200	46240102378152881298913555099661657	0.509950160980224609375	166369840
1201	47944117779189310556261099429006223	0.4367849826812744140625	166648368
1202	49710196859679394486867802358932901	0.51506900787353515625	166927128
1203	51540573788206651013836802198036893	0.4321801662445068359375	167206120
1204	53437562223729812777303406841914935	0.5183231830596923828125	167485344
1205	55403558110955564979344325681437822	0.5155918598175048828125	167764800
1206	57441042572873737644094937785113022	0.4334280490875244140625	168044488
1207	59552584903793044889004529388335732	0.5195281505584716796875	168324408
1208	61740845666328821093587961517238033	0.517353057861328125	168604688
1209	64008579895911365238424857597692590	0.4351031780242919921875	168885072
1210	66358640416504598253672231293216761	0.5225789546966552734375	169165688
1211	68793981271349892486345394543503614	0.5205709934234619140625	169446536
1212	71317661272679283934970057444157431	0.519358158111572265625	169727616
1213	73932847674475963853859804733408932	0.4420659542083740234375	170008928
1214	76642819972498112301511348487927130	0.530045032501220703125	170290472
1215	79450973835924928534740056571220837	0.5236051082611083984375	170572248
1216	82360825175131287067719845184002304	0.4415462017059326171875	170854256
1217	85376014350249959857626768802856615	0.5264079570770263671875	171136496
1218	88500310525337959944194241004565748	0.5272290706634521484375	171418968
1219	91737616173126446538485123122674660	0.527411937713623046875	171701672
1220	95091971735501962459496140992085663	0.4443738460540771484375	171984608
1221	98567560445040729668418191983592407	0.53081989288330078125	172267776
1222	102168713313097495533124764187939944	0.5286610126495361328125	172551176
1223	105899914290136190948927875636615483	0.5314400196075439453125	172834808
1224	109765805604181632042444034426405625	0.4459941387176513671875	173118800
1225	113771193283469872120310539095739833	0.532968044281005859375	173402896
1226	117921052869579803514689801523449638	0.5334270000457763671875	173687224
1227	122220535327540435729044764084697099	0.5633640289306640625	173971784
1228	126674973159627164610485151798391797	0.533503055572509765625	174256576
1229	131289886729786527240095013237443045	0.45106792449951171875	174541600
1230	136070990805862651658706033366694460	0.53853607177734375	174826856
1231	141024201327040104811696041691045190	0.5362720489501953125	175112344
1232	146155642404167375009402954907061316	0.548387050628662109375	175398064
1233	151471653560883058451095421311451141	0.602280139923095703125	175684016
1234	156978797223733228787865722354959930	0.4651610851287841796875	175970200
1235	162683866469743733376335192519362494	0.541120052337646484375	176256616
1236	168593893040195573779320686453020964	0.5574691295623779296875	176543264
1237	174716155629645388794651866300906835	0.5417611598968505859375	176830144
1238	181058188459536679140275000227478496	0.5449850559234619140625	177117256
1239	187627790146061111217741961494883890	0.5422151088714599609375	177404600
1240	194433032872253346998515292619988830	0.5447599887847900390625	177692304
1241	201482271874637706375741021005730181	0.4612381458282470703125	177980112
1242	208784155255090933098578892158986338	0.54829692840576171875	178268152
1243	216347634128942766400406396453655835	0.5484979152679443359375	178556424
1244	224181973120705296790445342451587490	0.5496978759765625	178844928
1245	232296761219203590802475861123264133	0.5523281097412109375	179133664
1246	240701923004274209788971782007579802	0.551374912261962890625	179422632
1247	249407730257605432130910077287592727	0.5504629611968994140625	179711832
1248	258424813970713646981839124047488243	0.4651548862457275390625	180001264
1249	267764176763484957967824140618533500	0.554089069366455078125	180290928
1250	277437205727159975794000686688315348	0.5561158657073974609375	180580824
1251	287455685706103555386947650491244181	0.557074069976806640625	180870952
1252	297831813033180334721514504126791124	0.5583307743072509765625	181161312
1253	308578209734051855476222280888835192	0.5594079494476318359375	181451904
1254	319707938216222310789920115620477565	0.560225009918212890625	181742728
1255	331234516459188101998422700026723439	0.5619409084320068359375	182033784
1256	343171933722591949005782567849433641	0.47459506988525390625	182325200
1257	355534666789845852070090701405470932	0.56437015533447265625	182616720
1258	368337696765269337188595637416276068	0.563824176788330078125	182908472
1259	381596526443390734228095202493032600	0.5642859935760498046875	183200456
1260	395327198269680365975835178420652411	0.566768169403076171875	183492672
1261	409546312912626108164576640399383898	0.56744098663330078125	183785120
1262	424271048467724485839916892830607059	0.4783380031585693359375	184077800
1263	439519180314644983035319377172158032	0.5696070194244384765625	184370712
1264	455309101649532274915393819410766690	0.5715820789337158203125	184663856
1265	471659844715141371979173526935980437	0.5730190277099609375	184957232
1266	488591102752254955447569352295355812	0.573260784149169921875	185250840
1267	506123252696611256922641286254645760	0.5737669467926025390625	185544680
1268	524277378646375504218896129395592376	0.5832130908966064453125	185838752
1269	543075296126019045035073055561928520	0.490272045135498046875	186133056
1270	562539577173328634024088141916141596	0.5783588886260986328125	186427592
1271	582693576277154906994867051360796655	0.58526611328125	186722360
1272	603561457194424687753064451343608383	0.5816400051116943359375	187017488
1273	625168220675887416175494833282535136	0.5843241214752197265625	187312720
1274	647539733131042629585359752478706350	0.585051059722900390625	187608184
1275	670702756263704072335812679441391888	0.493749141693115234375	187903880
1276	694684977710697693392039019806832594	0.58668804168701171875	188199808
1277	719515042717266582828863521396088515	0.58895397186279296875	188495968
1278	745222586883866905899271646915240282	0.5887210369110107421875	188792360
1279	771838270020186251303063741763018130	0.5863230228424072265625	189088984
1280	799393811143400700904158178331205389	0.4993278980255126953125	189385840
1281	827922024658910558926936487548336568	0.5924079418182373046875	189682928
1282	857456857763058308684876665745077292	0.5933392047882080078125	189980248
1283	888033429108637280324653641355847207	0.5932071208953857421875	190277800
1284	919688068775347054572190680423598070	0.5952470302581787109375	190575584
1285	952458359588743164917093657911776850	0.594297885894775390625	190873600
1286	986383179832665621554422059019604497	0.647967815399169921875	191171848
1287	1021502747401614623677846147487591813	0.61128997802734375	191470328
1288	1057858665441074072255055670604124719	0.6040008068084716796875	191769168
1289	1095493969525365696982675003469664810	0.604032993316650390625	192068112
1290	1134453176424250386882487822532585142	0.6003339290618896484375	192367288
1291	1174782334511180318623311370757902964	0.510238170623779296875	192666696
1292	1216529075867847432892383159101984374	0.6071050167083740234375	192966336
1293	1259742670141472479018316728428818781	0.605908870697021484375	193266208
1294	1304474080213136065603158197122179375	0.61032009124755859375	193566312
1295	1350776019737370796417180820702333527	0.604135036468505859375	193866648
1296	1398703012615213588677365804960180341	0.514090061187744140625	194167216
1297	1448311454464961662889458094993182194	0.6133868694305419921875	194468016
1298	1499659676156986538068572255824972432	0.740128040313720703125	194769048
1299	1552808009481139790520320395733292300	0.36653995513916015625	195070312
1300	1607818855017534550841511230454411672	0.3694820404052734375	195371808
1301	1664756752283809987147800849591201736	0.4312889575958251953125	195673536
1302	1723688452234384707674372422071320679	0.3776919841766357421875	195975496
1303	1784682992189681523983975379146100758	0.3818359375	196277688
1304	1847811773275862853601073393199008865	0.4387938976287841796875	196580240
1305	1913148640458255774876416600453369682	0.389505863189697265625	196882896
1306	1980769965254371045106648307068906619	0.391194820404052734375	197185784
1307	2050754731215233987976941410834180457	0.3930618762969970703125	197488904
1308	2123184622266649887649796215921782211	0.455789089202880859375	197792256
1309	2198144114005025303125952328225613580	0.40126895904541015625	198095840
1310	2275720568045462559712283145467243327	0.4032199382781982421875	198399656
1311	2356004329523040680859896842728890474	0.467197895050048828125	198703704
1312	2439088827851495409213115816339495726	0.4054698944091796875	199007984
1313	2525070680846917026164254568053937634	0.4108250141143798828125	199312496
1314	2614049802327600836872111661056230165	0.4732570648193359375	199617240
1315	2706129513304814950403979441635984290	0.4165689945220947265625	199922216
1316	2801416656882996994241981980679918559	0.4751150608062744140625	200227424
1317	2900021716991759392273170147031719072	0.4183719158172607421875	200532864
1318	3002058941076075680836616507226015622	0.4179661273956298828125	200838536
1319	3107646466875142011769945929778234485	0.4826219081878662109375	201144440
1320	3216906453424662618200536823961141148	0.4213049411773681640625	201450704
1321	3329965216421699826558324552595808770	0.4228599071502685546875	201757072
1322	3446953368095762574438358199469775528	0.4860570430755615234375	202063672
1323	3568005961734486838351757966808790919	0.4258968830108642578125	202370504
1324	3693262641017091556254336031236632750	0.4904348850250244140625	202677568
1325	3822867794313779335421691039194332368	0.430635929107666015625	202984864
1326	3956970714114397433384120384166003416	0.493862152099609375	203292392
1327	4095725761754986283464866437718755283	0.432012081146240234375	203600152
1328	4239292537616325490949332681096528358	0.4335181713104248046875	203908144
1329	4387836056974246172531213471126988170	0.496347904205322265625	204216368
1330	4541526931687319371792477450694975225	0.435427188873291015625	204524824
1331	4700541557913558825461268913956492487	0.4958400726318359375	204833512
1332	4865062310053998559115610911870100035	0.4602849483489990234375	205142432
1333	5035277741127427794082646196764289585	0.5101420879364013671875	205451584
1334	5211382789787193810929017395424321210	0.4418179988861083984375	205760968
1335	5393578994197824268512706677957552625	0.5037548542022705078125	206070584
1336	5582074712996280787878705083147454523	0.4832518100738525390625	206380560
1337	5777085353569942323599828874448120571	0.511496067047119140625	206690640
1338	5978833607890937159258923653545207827	0.4435269832611083984375	207000952
1339	6187549696154203668120613167259109435	0.5067920684814453125	207311496
1340	6403471618474669930531089742522848797	0.4437458515167236328125	207622272
1341	6626845414907208756853259936695984136	0.5079810619354248046875	207933280
1342	6857925434061555771629308454994509373	0.4536931514739990234375	208244520
1343	7096974610593182332652154711768629954	0.5361440181732177734375	208555992
1344	7344264751860200848154682253520601870	0.483048915863037109375	208867696
1345	7600076834045756410267481267000412856	0.518414974212646484375	209179632
1346	7864701308055034793828023244287340980	0.5079720020294189453125	209491800
1347	8138438415506002236313232141990462682	0.4456470012664794921875	209804200
1348	8421598515143296812402544776496284973	0.5157401561737060546875	210116832
1349	8714502420015324706702901500511538625	0.45203685760498046875	210429696
1350	9017481745765587687202719206979752339	0.513947963714599609375	210742792
1351	9330879270400591290587334955958115107	0.5609490871429443359375	211056120
1352	9655049305908367725798746534773552348	0.466640949249267578125	211369808
1353	9990358082113704664098849646925432237	0.5223538875579833984375	211683600
1354	10337184143168612691406936474627379320	0.458590030670166015625	211997624
1355	10695918757089402353832391602114778863	0.718267917633056640625	212311880
1356	11066966338764988954966020552846311185	0.537414073944091796875	212626368
1357	11450744886874712432979257653673465667	0.4626610279083251953125	212941088
1358	11847686435168064074325478460954986607	0.522830963134765625	213256040
1359	12258237518573265193633495987026371935	0.5310399532318115234375	213571224
1360	12682859654616659385819889316805008574	0.4650509357452392578125	213886640
1361	13122029840650374087829702479479965035	0.5231540203094482421875	214202288
1362	13576241067401694028191547060980833568	0.53234004974365234375	214518168
1363	14046002849374084164798517831067165046	0.457663059234619140625	214834280
1364	14531841772646818920248481411605550560	0.5821530818939208984375	215150624
1365	15034302060637734370093170532411179780	0.52828502655029296875	215467208
1366	15553946158411737537905952886830918329	0.46014308929443359375	215784024
1367	16091355336136399592075372322853441977	0.5318310260772705078125	216101072
1368	16647130312305245611392419213169232605	0.5308029651641845703125	216418480
1369	17221891897369251284144496300865473815	0.4865219593048095703125	216735992
1370	17816281658437585657529146257903261665	0.529304981231689453125	217053736
1371	18430962605729818628447970674590396131	0.5293171405792236328125	217371712
1372	19066619901483662703451906966061889217	0.53357601165771484375	217689920
1373	19723961592044861669045607586672623550	0.4652550220489501953125	218008360
1374	20403719363889095930868650315257219250	0.5306339263916015625	218327032
1375	21106649324349767740001100592550916016	0.5378630161285400390625	218645936
1376	21833532807850282420908580590825862986	0.5321390628814697265625	218965072
1377	22585177208464977793681819296712788065	0.53724002838134765625	219284440
1378	23362416839659197789401547387242312544	0.472568988800048828125	219604040
1379	24166113822086183031380235679888630795	0.5364358425140380859375	219923872
1380	24997159000346486985219767235597236100	0.5621421337127685546875	220243936
1381	25856472889644547994140059803514309099	0.536839008331298828125	220564232
1382	26745006653306882839626895694957692242	0.5380690097808837890625	220884760
1383	27663743112157144914230446319916689190	0.474482059478759765625	221205520
1384	28613697786775039130057416743650633105	0.5415270328521728515625	221526640
1385	29595919973698836617070193875375888205	0.5431640148162841796875	221847864
1386	30611493856665016404478212802210021309	0.5425050258636474609375	222169320
1387	31661539654013410832232951778996345076	0.5442371368408203125	222491008
1388	32747214803422179685312303680676279243	0.5450561046600341796875	222812928
1389	33869715185174019207110095647396061120	0.48005199432373046875	223135080
1390	35030276385193261591559928994266853030	0.5513131618499755859375	223457464
1391	36230174999132974647956742131787699078	0.55344104766845703125	223780080
1392	37470729978831867653000833781535492047	0.5489418506622314453125	224102928
1393	38753304022502786601002774984625192104	0.5599911212921142578125	224426008
1394	40079305010057880061198034072619085310	0.64083099365234375	224749320
1395	41450187485020176719746625583516317963	0.584043979644775390625	225072864
1396	42867454184517379844972195257339462150	0.560863018035888671875	225396640
1397	44332657618901196005888853882051385939	0.57044506072998046875	225720648
1398	45847401702584520468158717245312104000	0.4900648593902587890625	226044888
1399	47413343437739346154537960139775251600	0.559958934783935546875	226369360
1400	49032194652550394774839040691532998261	0.5523040294647216796875	226694192
1401	50705723795773236966373450556265512689	0.559452056884765625	227019128
1402	52435757789401123913939450130086135644	0.600849151611328125	227344296
1403	54224183941301948277230817879517159495	0.6302578449249267578125	227669696
1404	56072951919745741389655873424027752720	0.6726939678192138671875	227995328
1405	57984075791803952210030966295696158116	0.563046932220458984375	228321192
1406	59959636127664498822125654803605200455	0.5643351078033447265625	228647288
1407	62001782172971294457628166694777458740	0.5625400543212890625	228973616
1408	64112734091363688056165357762141754716	0.5672109127044677734375	229300176
1409	66294785279460087023332346767177823090	0.570384979248046875	229626968
1410	68550304756601011890673498202891728627	0.576650142669677734375	229953992
1411	70881739631740035679525259959146526016	0.64770603179931640625	230281248
1412	73291617649946553739726907624791770380	0.5655701160430908203125	230608736
1413	75782549821062183481895201583751205263	0.667235851287841796875	230936456
1414	78357233133132880842076215608511229415	0.590034008026123046875	231264408
1415	81018453353321656721019131504035339537	0.5886790752410888671875	231592592
1416	83769087919092159661630333467319344902	0.60152912139892578125	231921136
1417	86612108922541440552472192615179632742	0.5784308910369873046875	232249784
1418	89550586190851013626818983550558814889	0.60404205322265625	232578664
1419	92587690465918960312381724727166445110	0.583126068115234375	232907776
1420	95726696686332376146505918443171660625	0.5861358642578125	233237120
1421	98970987374939026118276437676742560264	0.6243801116943359375	233566696
1422	102324056135379743432459471263142178485	0.6015360355377197265625	233896504
1423	105789511261048976512902596439531532566	0.5869300365447998046875	234226544
1424	109371079460060057837671640558228717300	0.5943839550018310546875	234556816
1425	113072609699904337559514844445146843472	0.5887629985809326171875	234887320
1426	116898077175609399692092533607036637857	0.6017968654632568359375	235218056
1427	120851587405321266865514819340648620862	0.5983068943023681640625	235549024
1428	124937380457358912643772141796859437854	0.5201780796051025390625	235880224
1429	129159835312916652764103424563956670300	0.592403888702392578125	236211656
1430	133523474368721196662101633251149823925	0.591845035552978515625	236543320
1431	138032968084085429989744342641002104875	0.6287820339202880859375	236875216
1432	142693139776940493084095678732486636969	0.6324570178985595703125	237207472
1433	147508970573571548730224671300676243591	0.5943591594696044921875	237539832
1434	152485604516930928407097683383484266510	0.594532012939453125	237872424
1435	157628353838555246722760639034336216136	0.5957431793212890625	238205248
1436	162942704399270720489853224525723269795	0.5961120128631591796875	238538304
1437	168434321304033467550147269349447360294	0.6039559841156005859375	238871592
1438	174109054696419141315515890296286539118	0.5305950641632080078125	239205112
1439	179972945738449034728553750103340839325	0.6178448200225830078125	239538864
1440	186032232781617921513478910563182232444	0.609694004058837890625	239872848
1441	192293357735172557401982780429019456969	0.6060869693756103515625	240207064
1442	198762972637879108865432799270626669004	0.6084630489349365234375	240541512
1443	205447946439712986100137659510287259781	0.6137011051177978515625	240876192
1444	212355372000105810413242676805207816705	0.6101109981536865234375	241211104
1445	219492573309591728816879034317080350983	0.6126048564910888671875	241546248
1446	226867112941909191440813277312570747145	0.5422708988189697265625	241881624
1447	234486799743834826784604048875528356971	0.6297619342803955078125	242217232
1448	242359696770253388472695000770509170206	0.6157658100128173828125	242553200
1449	250494129472202113601016657658116885375	0.633121967315673828125	242889272
1450	258898694145869442049569648660373941152	0.6460950374603271484375	243225576
1451	267582266650777119653998333871688332247	0.6549069881439208984375	243562112
1452	276554011405631474170238269248906446792	0.629950046539306640625	243898880
1453	285823390670594346502222808229127105074	0.558125019073486328125	244235880
1454	295400174124997022998049389765214784995	0.639129161834716796875	244573112
1455	305294448749801797154111873648107967492	0.6436679363250732421875	244910576
1456	315516629024405747970164359073870491229	0.631308078765869140625	245248272
1457	326077467447680222173319384811207626600	0.6507651805877685546875	245586200
1458	336988065393447621514574974879775699372	0.6341869831085205078125	245924360
1459	348259884310914705271679879631949049780	0.6456401348114013671875	246272760
1460	359904757280909011630794460361074410538	0.7306010723114013671875	246621600
1461	371934900939102477916959218389244857418	0.6888790130615234375	246970776
1462	384362927777754206102413138268506970021	0.6502130031585693359375	247320264
1463	397201858837862893052822862772992037235	0.6747548580169677734375	247670048
1464	410465136803989050790556876831592919085	0.585237026214599609375	248020240
1465	424166639514388116438037562729473373486	0.6604468822479248046875	248370576
1466	438320693899488240621648045435196959242	0.6527011394500732421875	248721184
1467	452942090362151303283202948578566379295	0.647407054901123046875	249072056
1468	468046097613572904390385124958730619192	0.6513259410858154296875	249423192
1469	483648477979107092056857426409232236010	0.5736598968505859375	249774592
1470	499765503188744811845488653259134061244	0.68515682220458984375	250126248
1471	516413970667431889729975411863080081224	0.6739909648895263671875	250478168
1472	533611220340883210895592492267492392503	0.682799816131591796875	250830344
1473	551375151973035052959106187501778547015	0.6696469783782958984375	251182776
1474	569724243051777714078869714336553502625	0.581964015960693359375	251535456
1475	588677567240126095472954965375170347997	0.6567690372467041015625	251888392
1476	608254813410517219620274841577537789254	0.6678478717803955078125	252241584
1477	628476305280471269092869681239382035111	0.660182952880859375	252595024
1478	649363021668417110482089106581996800736	0.5838849544525146484375	252948712
1479	670936617389064931646215631627734512060	0.6642339229583740234375	253302656
1480	693219444808308092528746108408911793239	0.6670191287994384765625	253656976
1481	716234576078254109447577888083725273959	0.6703670024871826171875	254011416
1482	740005826073621415936329176309708825539	0.5891208648681640625	254366104
1483	764557776051394742131574284792974302805	0.668376922607421875	254721040
1484	789915798056308219059157433980611758115	0.6732389926910400390625	255076224
1485	816106080095422250986408555099636706156	0.67658901214599609375	255431656
1486	843155652105778433840074131252109568468	0.6013619899749755859375	255787336
1487	871092412739856974449839116812405949463	0.681560993194580078125	256143264
1488	899945156994323847635597208986502059289	0.6904771327972412109375	256499440
1489	929743604708340998940330812008055415670	0.6841609477996826171875	256855864
1490	960518429958522963981451968247615571768	0.6012260913848876953125	257212536
1491	992301291378458055449596203783102865285	0.7527740001678466796875	257569456
1492	1025124863431572512298240504372933893698	0.6922161579132080078125	257926616
1493	1059022868667002481099668362066093137208	0.6908130645751953125	258284024
1494	1094030110989052198741424671895432081910	0.6020228862762451171875	258641680
1495	1130182509971758083662737515471154158801	0.7469480037689208984375	258999584
1496	1167517136251048459523457118438435734632	0.7413408756256103515625	259357856
1497	1206072248027988195015615498189010425646	0.6984920501708984375	259716248
1498	1245887328717627537181110407053143579875	0.610805988311767578125	260074888
1499	1287003125779035759903231323132670516000	0.69643402099609375	260433768
1500	1329461690763193888825263136701886891117	0.71625804901123046875	260792896
1501	1373306420616547671126845059808771245199	0.614057064056396484375	261152264
1502	1418582100279183135137313919163744611210	0.74913311004638671875	261511880
1503	1465334946617783561814630036179107930696	0.7157199382781982421875	261871744
1504	1513612653734759530017526259861629678205	0.6205580234527587890625	262231848
1505	1563464439696213993716384678301014319431	0.71619701385498046875	262592200
1506	1614941094722713228367155822930278965324	0.712017059326171875	262952792
1507	1668095030888183105149797247519563263487	0.7094910144805908203125	263313632
1508	1722980333373639710221714255936544610213	0.6264550685882568359375	263674712
1509	1779652813323895051112691937493275900640	0.7750818729400634765625	264036040
1510	1838170062356853750560836014387165897751	0.7231261730194091796875	264397608
1511	1898591508776536523215092101916644734126	0.63142490386962890625	264759424
1512	1960978475542532205781057345396110080746	0.719994068145751953125	265121608
1513	2025394240050193548750246784190116959083	0.724626064300537109375	265483912
1514	2091904095777554301862779830720186765825	0.6627929210662841796875	265846456
1515	2160575415856657801620130127396601613839	0.839373111724853515625	266209240
1516	2231477718628751807313395954393627156678	1.1793539524078369140625	266572272
